structure(list(sp = c(7, 1, 3, 3, 5, 2, 6, 4, 3), tree = c(7, 
7, 4, 2, 7, 7, 7, 7, 1, 7, 7, 1, 7, 1, 7, 7, 5, 1, 7, 3, 2, 7, 
7, 7, 3, 6, 7, 3, 4, 7, 3, 3, 7, 7, 7, 4, 7, 7, 1, 7, 7, 7, 6, 
3, 5, 1, 7, 7, 7, 7, 5, 7, 7, 3, 5, 7, 5)), .Names = c("sp", 
"tree"))
