structure(list(conf = list(structure(c(1.02901528051944, 0.7197136423599, 
0.7197136423599, 0.7197136423599, -0.385446308291651, 0.7197136423599, 
-1.1374990380113, 0.7197136423599, 0.7197136423599, 0.7197136423599, 
-2.16164738025702, 0.7197136423599, -2.08524857297403, -0.196845531649091, 
-1.14476294318035, 0.130687904262663, 0.7197136423599, 0.7197136423599, 
0.7197136423599, -0.557074007412097, -0.0290451578982757, -2.20300459770078, 
0.7197136423599, -1.05201284824556, 0.7197136423599, 0.669717278865099, 
-2.72692927482953, 0.573349398960922, 0.7197136423599, 0.7197136423599, 
0.7197136423599, 0.7197136423599, -0.462974788814411, -1.00449880664053, 
0.509087473178207, -2.1758084567906, 2.63124436228919, 2.63124436228919, 
2.63124436228919, 0.317483295235859, 2.63124436228919, -3.20416710011173, 
2.63124436228919, 2.63124436228919, 2.63124436228919, -4.5353155709348, 
2.63124436228919, -1.24404125313364, -0.857895071202103, -0.886380800414778, 
-0.918716353490955, 2.63124436228919, 2.63124436228919, 2.63124436228919, 
-4.66427026425457, -2.61477641062504, -0.954430282114693, 2.63124436228919, 
-5.56444609626255, 2.63124436228919, -2.71642363837478, -3.22771142903876, 
-4.53599650253638, 2.6312443622892, 2.6312443622892, 2.6312443622892, 
2.6312443622892, -3.07918069033375, -2.09160531867615, -1.77747221585688
), .Dim = c(35L, 2L)), structure(c(-2.08795708372841, 2.72270072579116, 
2.72270072579116, 2.72270072579116, 0.191122709066999, 2.72270072579116, 
-3.42685016249202, 2.72270072579116, 2.72270072579116, 2.72270072579116, 
-4.62600884593197, 2.72270072579116, -1.826446727979, -0.882570493684614, 
-1.17096335493095, -0.850786770644075, 2.72270072579116, 2.72270072579116, 
2.72270072579116, -4.70160221968829, -2.51421362220816, -1.58455891619307, 
2.72270072579116, -5.57468809994623, 2.72270072579116, -2.61667722294274, 
-3.41389982264584, -4.53438390177116, 2.72270072579116, 2.72270072579116, 
2.72270072579116, 2.72270072579116, -3.10636330890208, -2.05138250180533, 
-1.50768199202278, 0.0696735179519766, 0.0964091522856087, 0.0964091522856087, 
0.0964091522856087, 0.545289688153942, 0.0964091522856087, 0.547382508679149, 
0.0964091522856087, 0.0964091522856087, 0.0964091522856087, -1.85273392969429, 
0.0964091522856087, 1.76098192030993, 0.0519168855515425, 1.01436193588367, 
-0.291298450717348, 0.0964091522856087, 0.0964091522856087, 0.0964091522856087, 
-0.246871349155362, -0.775773422753029, 1.93880761748107, 0.0964091522856087, 
-0.940203509081178, 0.0964091522856087, 0.756368670627244, -2.39497434168592, 
0.877748814984006, 0.0964091522856087, 0.0964091522856087, 0.0964091522856087, 
0.0964091522856087, -0.25414827681354, -1.34225396679373, -1.10322990178348
), .Dim = c(35L, 2L)), structure(c(2.04824932206011, -2.69262618877953, 
-2.69262618877953, -2.69262618877953, -0.287056181932586, -2.69262618877953, 
3.40765200595416, -2.69262618877953, -2.69262618877953, -2.69262618877953, 
4.86681286709171, -2.69262618877953, 1.4838276692578, 0.896525465575014, 
0.94808237582196, 0.859989407303405, -2.69262618877953, -2.69262618877953, 
-2.69262618877953, 4.70115261075738, 2.46641334318372, 1.20803294328555, 
-2.69262618877953, 5.57658229801587, -2.69262618877953, 2.58124835470408, 
3.85430002153387, 4.16921322869168, -2.69262618877953, -2.69262618877953, 
-2.69262618877953, -2.69262618877953, 3.08518352167872, 2.2245370047826, 
1.6838989514869, 0.67382296733962, 0.416860005905382, 0.416860005905382, 
0.416860005905382, -0.481781130943058, 0.416860005905382, 0.317445368352815, 
0.416860005905382, 0.416860005905382, 0.416860005905382, -1.39216004667599, 
0.416860005905382, -2.04769346573714, 0.233581960458714, -1.24162605211572, 
-0.132091048782557, 0.416860005905382, 0.416860005905382, 0.416860005905382, 
-0.296185134898202, -1.18797962396331, -2.18479610639941, 0.416860005905382, 
0.730915655190846, 0.416860005905382, -0.0331378339751379, 1.71963836938688, 
-1.84761341723835, 0.416860005905382, 0.416860005905382, 0.416860005905382, 
0.416860005905382, -0.518407370990922, 1.11419928864421, -0.512752478044772
), .Dim = c(35L, 2L)), structure(c(-1.89048648635684, 2.72024244346336, 
2.72024244346336, 2.72024244346336, 0.179292016600696, 2.72024244346336, 
-3.2552494595353, 2.72024244346336, 2.72024244346336, 2.72024244346336, 
-4.92971477762984, 2.72024244346336, -1.88309050665507, -0.875107230861996, 
-1.19705630325496, -0.826986698120762, 2.72024244346336, 2.72024244346336, 
2.72024244346336, -4.69133314901915, -2.63291241276195, -1.64503270803773, 
2.72024244346336, -5.63376314912035, 2.72024244346336, -2.67774197226025, 
-3.29933237922349, -4.22588529194243, 2.72024244346336, 2.72024244346336, 
2.72024244346336, 2.72024244346336, -3.11410525759551, -1.93978748558896, 
-1.7058282875132, 1.02854114219511, -0.162586181129644, -0.162586181129644, 
-0.162586181129644, -0.588955490400774, -0.162586181129644, 0.861268451771563, 
-0.162586181129644, -0.162586181129644, -0.162586181129644, 1.09254745367686, 
-0.162586181129644, -1.71519540577989, -0.0472253029812903, -1.01526706529723, 
0.351583895355927, -0.162586181129644, -0.162586181129644, -0.162586181129644, 
0.0398316299492912, -0.280119014500368, -1.89969565504835, -0.162586181129644, 
-0.387427909117724, -0.162586181129644, -0.847586542652339, 2.5820848621592, 
1.67808758525451, -0.162586181129644, -0.162586181129644, -0.162586181129644, 
-0.162586181129644, 0.155430172763775, 1.51396293784, 0.242099334015666
), .Dim = c(35L, 2L)), structure(c(1.89881858254922, -1.11214324810867, 
-1.11214324810867, -1.11214324810867, 0.431447570316361, -1.11214324810867, 
0.495531311549048, -1.11214324810867, -1.11214324810867, -1.11214324810867, 
3.25825535646627, -1.11214324810867, -0.999237626793808, 0.456575755109984, 
1.68213704264627, 0.12485779049769, -1.11214324810867, -1.11214324810867, 
-1.11214324810867, 1.75642208027659, 0.157013376326768, -1.21811303340104, 
-1.11214324810867, 2.68720288257208, -1.11214324810867, 1.18198206665321, 
3.39184566493392, 0.640823794678832, -1.11214324810867, -1.11214324810867, 
-1.11214324810867, -1.11214324810867, 1.26003657865614, 1.57460870920331, 
0.12622731560657, -1.31355975414297, 2.48752280091728, 2.48752280091728, 
2.48752280091728, 0.418630728462653, 2.48752280091728, -3.43887660338143, 
2.48752280091728, 2.48752280091728, 2.48752280091728, -3.78105109482728, 
2.48752280091728, -2.25063520595806, -0.756865846982792, -0.422216473792473, 
-0.887007448312759, 2.48752280091728, 2.48752280091728, 2.48752280091728, 
-4.36832090049809, -2.69585647864877, -2.08811284438509, 2.48752280091728, 
-4.97709788381047, 2.48752280091728, -2.30081801986982, -2.4548504672566, 
-4.56859875084252, 2.48752280091728, 2.48752280091728, 2.48752280091728, 
2.48752280091728, -2.86608109577084, -1.75518892354645, -1.78138055202994
),