structure(list(conf = list(structure(c(1.27191972852051, -2.53574497878866, 
-2.53574497878866, -2.53574497878866, -0.440850459282805, -2.53574497878866, 
2.53879622555982, -2.53574497878866, -2.53574497878866, -2.53574497878866, 
4.96790624850545, -2.53574497878866, 2.14642556377988, 0.841556785926673, 
0.427486008022361, 0.718148526126125, -2.53574497878866, -2.53574497878866, 
-2.53574497878866, 3.96603272500643, 2.61887936707337, 1.98283150797934, 
-2.53574497878866, 5.3114402812978, -2.53574497878866, 2.26086985462719, 
4.16771554022402, 4.05343180927581, -2.53574497878866, -2.53574497878866, 
-2.53574497878866, -2.53574497878866, 2.86028796148229, 1.69121596623941, 
1.72357099904348, 2.06988379000117, -1.00066032773166, -1.00066032773166, 
-1.00066032773166, 0.520039457609791, -1.00066032773166, 2.43651908148397, 
-1.00066032773166, -1.00066032773166, -1.00066032773166, 0.576246316589026, 
-1.00066032773166, -0.939961214723985, 0.220959484877276, 1.77545877036533, 
0.559614315969939, -1.00066032773166, -1.00066032773166, -1.00066032773166, 
2.59121815676964, 0.338905994742476, -1.172709647279, -1.00066032773166, 
1.96818533502728, -1.00066032773166, 1.26471608802496, -0.456569562209192, 
2.03424487738658, -1.00066032773166, -1.00066032773166, -1.00066032773166, 
-1.00066032773166, 1.24151708778345, 1.74067962851033, 0.242277610509171
), .Dim = c(35L, 2L)), structure(c(-1.94331108602507, 2.72360871806054, 
2.72360871806054, 2.72360871806054, 0.221533218567312, 2.72360871806054, 
-3.38701884748709, 2.72360871806054, 2.72360871806054, 2.72360871806054, 
-4.85192577115071, 2.72360871806054, -1.73259687947968, -0.858439407640322, 
-1.10643350424813, -0.870116996959923, 2.72360871806054, 2.72360871806054, 
2.72360871806054, -4.73070946623278, -2.56781897507709, -1.47864707326194, 
2.72360871806054, -5.44283544231854, 2.72360871806054, -2.57546637015028, 
-3.58274316018889, -4.47294474671344, 2.72360871806054, 2.72360871806054, 
2.72360871806054, 2.72360871806054, -3.11446472924512, -2.06912400403117, 
-1.73828496538637, 0.940129319114877, 0.061700784745944, 0.061700784745944, 
0.061700784745944, -0.519338476854801, 0.061700784745944, -0.795994942964266, 
0.061700784745944, 0.061700784745944, 0.061700784745944, -1.39600716220306, 
0.061700784745944, -1.84127686257874, 0.340134630494521, -1.09633845944739, 
-0.0360779855491196, 0.061700784745944, 0.061700784745944, 0.061700784745944, 
-0.061644103366405, 0.560552939981448, -2.01096818809738, 0.061700784745944, 
1.4566384081274, 0.061700784745944, -0.791664313563466, 2.20069939510869, 
0.725898847607449, 0.061700784745944, 0.061700784745944, 0.061700784745944, 
0.061700784745944, 0.0624039548088229, 1.39040573307946, -0.176466074379096
), .Dim = c(35L, 2L)), structure(c(2.25228590438112, -2.25403749994791, 
-2.25403749994791, -2.25403749994791, 0.148199840615159, -2.25403749994791, 
2.30450009001308, -2.25403749994791, -2.25403749994791, -2.25403749994791, 
4.76821108784776, -2.25403749994791, 0.329569229955038, 0.787780750801195, 
1.65327443976149, 0.571876797879775, -2.25403749994791, -2.25403749994791, 
-2.25403749994791, 3.80804085250035, 2.5522774515717, 0.0570465692717088, 
-2.25403749994791, 4.91860956336158, -2.25403749994791, 1.54985264744421, 
4.17696213134552, 2.96206744641854, -2.25403749994791, -2.25403749994791, 
-2.25403749994791, -2.25403749994791, 2.58597395484791, 1.90024856759237, 
0.991860173506013, -0.195547564298169, 1.5307877850378, 1.5307877850378, 
1.5307877850378, 0.583985718757005, 1.5307877850378, -2.59248196561377, 
1.5307877850378, 1.5307877850378, 1.5307877850378, -1.47383483730943, 
1.5307877850378, -2.45471928079183, -0.40036644544008, 0.517795340761151, 
-0.688257039600839, 1.5307877850378, 1.5307877850378, 1.5307877850378, 
-2.76901995409206, -0.792039585953776, -2.42957415235456, 1.5307877850378, 
-2.79263817691961, 1.5307877850378, -2.23752248069965, -0.265737130507561, 
-3.53742200905142, 1.5307877850378, 1.5307877850378, 1.5307877850378, 
1.5307877850378, -1.74708610557221, -1.23837004765492, -1.51055662930095
), .Dim = c(35L, 2L)), structure(c(-2.08133559074373, 1.61890678850204, 
1.61890678850204, 1.61890678850204, -0.328210719485533, 1.61890678850204, 
-1.16963693174735, 1.61890678850204, 1.61890678850204, 1.61890678850204, 
-4.01039241453241, 1.61890678850204, 0.502469799646467, -0.224575321816868, 
-1.73760671937537, -0.535656789479582, 1.61890678850204, 1.61890678850204, 
1.61890678850204, -2.67537182661245, -1.23360757602766, 0.747367157153228, 
1.61890678850204, -3.71767968260758, 1.61890678850204, -2.10852373252662, 
-3.85055477746139, -1.64751512941741, 1.61890678850204, 1.61890678850204, 
1.61890678850204, 1.61890678850204, -1.88230727107428, -0.492450526628739, 
-1.07582735179745, -0.92539973103698, 2.19179922532484, 2.19179922532484, 
2.19179922532484, 0.498015169109223, 2.19179922532484, -3.28110132108817, 
2.19179922532484, 2.19179922532484, 2.19179922532484, -2.97016049591017, 
2.19179922532484, -2.41509162420909, -0.898263389166809, -0.0519722954617359, 
-0.682263277289002, 2.19179922532484, 2.19179922532484, 2.19179922532484, 
-3.87369316117387, -2.30113928783538, -2.30284326342123, 2.19179922532484, 
-4.26242717933, 2.19179922532484, -1.62828285266957, -1.63838835556462, 
-4.30978350644436, 2.19179922532484, 2.19179922532484, 2.19179922532484, 
2.19179922532484, -2.49849623940956, -2.38615619859629, -1.33313982102465
), .Dim = c(35L, 2L)), structure(c(1.8845047515737, -0.928798522098435, 
-0.928798522098435, -0.928798522098435, 0.527283548701157, -0.928798522098435, 
0.77061621097101, -0.928798522098435, -0.928798522098435, -0.928798522098435, 
1.5710369239462, -0.928798522098435, -1.03771343943828, 0.112056891915172, 
1.75426016410375, 0.487293838362045, -0.928798522098435, -0.928798522098435, 
-0.928798522098435, 2.2457297522293, 2.10913323279754, -1.26054265979335, 
-0.928798522098435, 3.18418946464043, -0.928798522098435, 1.51227088153113, 
-0.640480288033297, 0.633547565741748, -0.928798522098435, -0.928798522098435, 
-0.928798522098435, -0.928798522098435, 1.29114189353524, 0.0942454918739276, 
0.551000651015969, -1.38575601052728, 2.56309481693551, 2.56309481693551, 
2.56309481693551, 0.422277039837744, 2.56309481693551, -3.28801435319606, 
2.56309481693551, 2.56309481693551, 2.56309481693551, -4.80502984769907, 
2.56309481693551, -2.12261518548603, -0.871935189262527, -0.487227645836281, 
-0.745731338535105, 2.56309481693551, 2.56309481693551, 2.56309481693551, 
-4.11206669232732, -1.90178202845715, -1.95263302077266, 2.56309481693551, 
-4.64529042701246, 2.56309481693551, -2.1756992618494, -4.18180144461174, 
-4.52609474440437, 2.56309481693551, 2.56309481693551, 2.56309481693551, 
2.56309481693551, -2.82521066865897, -2.34453993157846, -1.62346113752652
),