structure(list(conf = list(structure(c(1.78229630169457, -2.01605293801168, 
-2.01605293801168, -2.01605293801168, -0.575922779491578, -2.01605293801168, 
3.16342720759809, -2.01605293801168, -2.01605293801168, -2.01605293801168, 
4.68983956832237, -2.01605293801168, 0.334058907771421, 0.567085837408974, 
-0.133854051880328, 0.792344089893212, -2.01605293801168, -2.01605293801168, 
-2.01605293801168, 3.77593267139206, 2.66428520517892, 2.26266971368705, 
-2.01605293801168, 3.36897510055346, -2.01605293801168, 1.69262253758679, 
1.42808451706175, 3.11185027659488, -2.01605293801168, -2.01605293801168, 
-2.01605293801168, -2.01605293801168, 2.41106505348343, 1.08421910642882, 
1.85392068291477, -1.10452129369724, 1.83799648533425, 1.83799648533425, 
1.83799648533425, -0.312246233200257, 1.83799648533425, -1.44014005583421, 
1.83799648533425, 1.83799648533425, 1.83799648533425, -1.83821679767285, 
1.83799648533425, -2.26212974494068, -0.673572301672608, -1.72127093508641, 
-0.398194487897964, 1.83799648533425, 1.83799648533425, 1.83799648533425, 
-2.85892565600123, -0.733776465530107, 0.439328716775732, 1.83799648533425, 
-4.53093955369413, 1.83799648533425, -2.02015009708016, -3.99146184450005, 
-3.3153635686121, 1.83799648533425, 1.83799648533425, 1.83799648533425, 
1.83799648533425, -1.98909189256009, -2.15307507704628, -0.342192962431595
), .Dim = c(35L, 2L)), structure(c(0.863748735521322, -1.69442950270774, 
-1.69442950270774, -1.69442950270774, 0.333954037343954, -1.69442950270774, 
2.54260919853079, -1.69442950270774, -1.69442950270774, -1.69442950270774, 
3.91894420816196, -1.69442950270774, -0.3215093324892, 0.613839030666776, 
1.81304761063767, 0.333890674402406, -1.69442950270774, -1.69442950270774, 
-1.69442950270774, 2.8694029799278, 0.995028095987422, -0.583930230149878, 
-1.69442950270774, 2.60017615791371, -1.69442950270774, 2.20854270134352, 
0.895786275836588, 3.94373243347596, -1.69442950270774, -1.69442950270774, 
-1.69442950270774, -1.69442950270774, 1.86129578096097, 2.42243782353299, 
1.49430536442682, -1.91794532976729, 2.13484544531347, 2.13484544531347, 
2.13484544531347, 0.537778006119161, 2.13484544531347, -2.28966774953706, 
2.13484544531347, 2.13484544531347, 2.13484544531347, -3.19964107913504, 
2.13484544531347, -2.36556483376839, -0.623024744000935, 0.0896127979206452, 
-0.836876538163655, 2.13484544531347, 2.13484544531347, 2.13484544531347, 
-3.73541299991725, -2.50295131052689, -2.27218991461465, 2.13484544531347, 
-4.99654177058421, 2.13484544531347, -1.48786112759834, -4.14973663693554, 
-2.2884040749329, 2.13484544531347, 2.13484544531347, 2.13484544531347, 
2.13484544531347, -2.49148908559076, -0.800600359149644, -0.961855820146228
), .Dim = c(35L, 2L)), structure(c(0.154511787607338, 1.19506677933147, 
1.19506677933147, 1.19506677933147, -0.473014507100982, 1.19506677933147, 
-2.29719388009318, 1.19506677933147, 1.19506677933147, 1.19506677933147, 
-3.50656041726436, 1.19506677933147, -2.21288351245129, -0.13795629838056, 
-1.77186226209086, -0.465488310453269, 1.19506677933147, 1.19506677933147, 
1.19506677933147, -2.23045918989801, -1.18167661615547, 0.94553541690533, 
1.19506677933147, -1.17995987494512, 1.19506677933147, -2.09745438917795, 
0.3285618894855, -1.4010239868005, 1.19506677933147, 1.19506677933147, 
1.19506677933147, 1.19506677933147, -1.26976021518429, -0.343730161811687, 
-1.17572072082558, 2.25599741382773, -2.45174657164565, -2.45174657164565, 
-2.45174657164565, -0.476301013942876, -2.45174657164565, 2.62891343050707, 
-2.45174657164565, -2.45174657164565, -2.45174657164565, 3.63165917683286, 
-2.45174657164565, 0.881669122036877, 0.885425688151241, 0.301068647326515, 
0.736181576450631, -2.45174657164565, -2.45174657164565, -2.45174657164565, 
4.1802710332241, 2.30262715142898, 1.99564646062485, -2.45174657164565, 
5.51646437150217, -2.45174657164565, 1.79991505686935, 4.20396298935661, 
4.31934475059985, -2.45174657164565, -2.45174657164565, -2.45174657164565, 
-2.45174657164565, 2.86458725906188, 2.3309126165232, 1.32134598759497
), .Dim = c(35L, 2L)), structure(c(-2.1190054411988, 2.72703419763209, 
2.72703419763209, 2.72703419763209, 0.215370913982787, 2.72703419763209, 
-3.27690652442379, 2.72703419763209, 2.72703419763209, 2.72703419763209, 
-4.91887002036416, 2.72703419763209, -1.72963159118492, -0.85856205667818, 
-1.12109215161361, -0.876268547752429, 2.72703419763209, 2.72703419763209, 
2.72703419763209, -4.66425504967366, -2.48642121290644, -1.47462395524734, 
2.72703419763209, -5.65576379904525, 2.72703419763209, -2.33521376781716, 
-3.84677659228674, -4.26843851639231, 2.72703419763209, 2.72703419763209, 
2.72703419763209, 2.72703419763209, -3.11837239926488, -2.28450462879314, 
-1.54024601908547, -0.650067128259304, 0.0523196363190618, 0.0523196363190618, 
0.0523196363190618, -0.468061017420636, 0.0523196363190618, 1.07956782249695, 
0.0523196363190618, 0.0523196363190618, 0.0523196363190618, -0.956440234275817, 
0.0523196363190618, -1.75781022754784, 0.37128771552752, -0.9516897694846, 
0.0373661113730127, 0.0523196363190618, 0.0523196363190618, 0.0523196363190618, 
0.55195458220705, 0.823356201935733, -1.93737734711997, 0.0523196363190618, 
0.241269391871177, 0.0523196363190618, 1.50738298704367, -1.73302227717172, 
1.68729970736921, 0.0523196363190618, 0.0523196363190618, 0.0523196363190618, 
0.0523196363190618, 0.0695900646687881, -0.00249052776175501, 
1.19845012712449), .Dim = c(35L, 2L)), structure(c(-1.93533979205424, 
2.61738928725689, 2.61738928725689, 2.61738928725689, 0.0238505910334179, 
2.61738928725689, -3.28435343221629, 2.61738928725689, 2.61738928725689, 
2.61738928725689, -4.14792886451328, 2.61738928725689, -2.18926823573731, 
-0.872366126122841, -1.43159708386927, -0.759186924158291, 2.61738928725689, 
2.61738928725689, 2.61738928725689, -4.58913230309383, -1.99273462764131, 
-0.866406783402389, 2.61738928725689, -5.3011781366824, 2.61738928725689, 
-2.29167470454362, -2.79732982004642, -4.60382741608201, 2.61738928725689, 
2.61738928725689, 2.61738928725689, 2.61738928725689, -3.089583494378, 
-2.53646855257694, -1.83109217728211, 0.688682027215849, -0.766727854254469, 
-0.766727854254469, -0.766727854254469, -0.727480232649486, -0.766727854254469, 
0.989605896486798, -0.766727854254469, -0.766727854254469, -0.766727854254469, 
2.79631188625142, -0.766727854254469, -1.12340159788587, 0.0901652498383889, 
-1.16951740180506, 0.446558788422887, -0.766727854254469, -0.766727854254469, 
-0.766727854254469, 1.1120081801548, 1.78246626273803, 1.94580135408661, 
-0.766727854254469, 1.98915868200128, -0.766727854254469, 1.25482989357884, 
3.12270269173997, -0.0444158641806032, -0.766727854254469, -0.766727854254469, 
-0.766727854254469, -0.766727854254469, 0.505971543786624, -0.436054040427937, 
-0.189019797026563),