structure(list(conf = list(structure(c(-3.32712278362403, -3.1629079358664, 
3.44303374111148, 3.44303374111148, 3.44303374111148, 3.44303374111148, 
3.44303374111148, -4.88251836945794, 0.16264430209925, 3.44303374111148, 
3.44303374111148, -1.01280220683004, -4.54046885696214, 3.44303374111148, 
-5.07499862679184, 3.44303374111148, 3.44303374111148, 3.44303374111148, 
3.44303374111148, -2.07534259824629, 3.44303374111148, 3.44303374111148, 
-7.13542579726699, -7.20067457892162, 3.44303374111148, 3.44303374111148, 
-1.63359681523477, 3.44303374111148, -1.44230701660935, -8.60388539144651, 
-2.36205183711744, 3.44303374111148, -1.30499369703886, -3.79628285507407, 
3.44303374111148, 3.44303374111148, 3.44303374111148, 3.44303374111148, 
3.44303374111148, 3.44303374111148, -6.39554035217096, -8.26381032022356, 
-3.90973325746143, 3.44303374111148, -1.24082156858077, 3.44303374111148, 
3.44303374111148, 3.44303374111148, -7.17550534329254, 3.44303374111148, 
3.44303374111148, -3.14365412874844, -3.15423258362926, -3.7282768274575, 
-6.15919247225828, -3.48291083083507, -5.60950824960997, -2.72137794823234, 
3.44303374111148, -3.03701367932864, 3.44303374111148, 3.44303374111148, 
3.44303374111148, 3.44303374111148, 3.44303374111148, -2.55974503733521, 
-4.31851518843816, -2.32849571365341, -3.49360105323154, 3.44303374111148, 
-2.72061254336026, 3.44303374111148, 0.358157586402323, 2.0729712793632, 
-1.5531710884453, -1.5531710884453, -1.5531710884453, -1.5531710884453, 
-1.5531710884453, 1.80972683227093, 0.54052472642479, -1.5531710884453, 
-1.5531710884453, 1.08091145545203, 0.000335385058509469, -1.5531710884453, 
0.900671108387446, -1.5531710884453, -1.5531710884453, -1.5531710884453, 
-1.5531710884453, 2.58414850002781, -1.5531710884453, -1.5531710884453, 
1.20050306688901, 1.98353237635113, -1.5531710884453, -1.5531710884453, 
3.19301839778705, -1.5531710884453, 0.527778810588652, 4.17006893704814, 
-0.47932020954668, -1.5531710884453, 0.857398731685738, -0.33756019263049, 
-1.5531710884453, -1.5531710884453, -1.5531710884453, -1.5531710884453, 
-1.5531710884453, -1.5531710884453, 2.98351259784959, 3.58771535813961, 
1.06553923652823, -1.5531710884453, 3.15867978317479, -1.5531710884453, 
-1.5531710884453, -1.5531710884453, 4.36326353658903, -1.5531710884453, 
-1.5531710884453, 1.60140765735343, 2.53697041855569, 1.75148148830037, 
0.289998090264486, 2.92579610724067, 3.75053607292413, 1.34607970342018, 
-1.5531710884453, 3.42906818005956, -1.5531710884453, -1.5531710884453, 
-1.5531710884453, -1.5531710884453, -1.5531710884453, 1.2904315453677, 
2.10278379945061, 1.18247791120362, 0.829166456600773, -1.5531710884453, 
0.362726626339224, -1.5531710884453), .Dim = c(72L, 2L)), structure(c(-1.1260702543312, 
-0.735280307401288, 0.820776815526746, 0.820776815526746, 0.820776815526746, 
0.820776815526746, 0.820776815526746, -1.86222748883377, -0.757814777796164, 
0.820776815526746, 0.820776815526746, 0.198084893722856, -2.67909446510379, 
0.820776815526746, -1.25628887740943, 0.820776815526746, 0.820776815526746, 
0.820776815526746, 0.820776815526746, -2.32386060407006, 0.820776815526746, 
0.820776815526746, -3.03333384693721, -2.41984428221175, 0.820776815526746, 
0.820776815526746, 1.35917308626407, 0.820776815526746, -0.16402265006505, 
-1.50480164422736, -1.79419524715954, 0.820776815526746, -0.520260309267008, 
-2.42197736154595, 0.820776815526746, 0.820776815526746, 0.820776815526746, 
0.820776815526746, 0.820776815526746, 0.820776815526746, -1.11181583145792, 
-1.15251524441264, 0.145272530138129, 0.820776815526746, -2.80310072315378, 
0.820776815526746, 0.820776815526746, 0.820776815526746, 0.0477255367258603, 
0.820776815526746, 0.820776815526746, -0.378771550844498, 0.511608215228603, 
-0.226512726945998, 1.03244973852392, -2.01219970895971, -0.205792905134382, 
-0.484269458726577, 0.820776815526746, 0.935474128079747, 0.820776815526746, 
0.820776815526746, 0.820776815526746, 0.820776815526746, 0.820776815526746, 
-0.466436222608488, -0.734639311531141, -0.464165068783121, -1.47141211867307, 
0.820776815526746, -1.30860413110864, 0.820776815526747, 3.10063852082455, 
3.69947375502484, -3.68696295525234, -3.68696295525234, -3.68696295525234, 
-3.68696295525234, -3.68696295525234, 4.90517037079217, -0.100992200438537, 
-3.68696295525234, -3.68696295525234, 1.43378892553136, 3.82038996417377, 
-3.68696295525234, 5.02260672479154, -3.68696295525234, -3.68696295525234, 
-3.68696295525234, -3.68696295525234, 2.49521432949515, -3.68696295525234, 
-3.68696295525234, 6.58669014386868, 7.08350769818724, -3.68696295525234, 
-3.68696295525234, 3.10147197460053, -3.68696295525234, 1.53487232333408, 
9.44117885247894, 1.62625657313018, -3.68696295525234, 1.45187756046102, 
3.0450994819595, -3.68696295525234, -3.68696295525234, -3.68696295525234, 
-3.68696295525234, -3.68696295525234, -3.68696295525234, 6.97527740612439, 
8.92813675945601, 4.04720477378632, -3.68696295525234, 1.83743737449124, 
-3.68696295525234, -3.68696295525234, -3.68696295525234, 8.38372518969429, 
-3.68696295525234, -3.68696295525234, 3.4953481549817, 3.9690976712625, 
4.11463287469853, 6.06444008499699, 4.03946265635896, 6.72635163801103, 
2.98961261370434, -3.68696295525234, 4.37790389676339, -3.68696295525234, 
-3.68696295525234, -3.68696295525234, -3.68696295525234, -3.68696295525234, 
2.81914697452228, 4.7304836841894, 2.5599728405018, 3.35522717719168, 
-3.68696295525234, 2.44388553063903, -3.68696295525234),