structure(list(conf = list(structure(c(-0.15320940627138, -4.23648000041305, 
-0.0199226309019522, -0.0199226309019522, -0.15320940627138, 
-2.82654693024568, -0.15320940627138, -0.0199226309019521, 4.4235898830553, 
5.66725609364458, 2.67799770110644, -0.0199226309019522, -0.153209406271381, 
5.62069650258824, -0.0199226309019522, 3.11768480591414, -2.45851702087967, 
-0.0199226309019522, -6.17053765822823, 5.38414726603245, -0.15320940627138, 
-0.0199226309019521, -0.15320940627138, 2.12442883430575, -7.87284849268891, 
-0.153209406271381, -7.59232890795569, -3.26120515484453, -0.0199226309019521, 
-16.1270066910819, 15.4302971794541, 3.09417242701103, -0.0199226309019521, 
-0.153209406271381, -0.153209406271381, 3.2342685275408, -0.0199226309019522, 
-0.0199226309019522, -0.153209406271381, -0.0199226309019521, 
-0.153209406271381, 5.55907127209659, -0.153209406271381, 10.9479180976701, 
4.76720483966301, 3.20409182300698, -0.0199226309019522, -0.0990156251249197, 
-1.90800630048018, -0.153209406271381, -0.0199226309019524, -3.47159647671422, 
3.07649620218285, -11.3069260393157, -2.87805242885332, -0.0199226309019524, 
-5.82969198338911), .Dim = c(57L, 1L)), structure(c(0.739045460749182, 
-4.58144266756347, -0.114768343878845, 0.739045460749182, 0.739045460749182, 
-3.16365524061979, -0.114768343878845, 0.739045460749182, 0.525678762807951, 
-5.622227555091, -2.82663658304346, -0.114768343878845, 0.739045460749182, 
5.40740024983422, 0.739045460749182, -3.22637176307539, -2.76738310361105, 
0.276650076027205, -6.4679596585986, 5.22598215173648, 0.739045460749182, 
-0.114768343878845, -0.114768343878845, 2.37555163874733, -8.0438413135386, 
0.276650076027205, 0.0688772269218318, 3.41430820245818, 0.537891940923108, 
16.1270066910819, -15.4302971794541, 0.673179253754811, 0.739045460749183, 
-0.114768343878845, -0.114768343878845, -3.34189843577179, -0.114768343878845, 
-0.114768343878845, 0.739045460749183, -0.114768343878845, -0.114768343878845, 
-5.59980128839524, 0.739045460749182, 10.874124258828, 4.60153062356829, 
-3.31116575312815, -0.114768343878845, 2.19533116807308, -2.13287241395137, 
-0.114768343878845, 0.739045460749182, -3.82736697215114, 3.02874413788616, 
11.3069260393157, 3.06440996909897, -0.114768343878845, -6.16006579303447
), .Dim = c(57L, 1L)), structure(c(0.124992134711515, 3.98236416596604, 
0.124992134711515, 0.124992134711515, 0.124992134711515, -3.22120459493258, 
0.124992134711515, 0.124992134711515, -4.67906918212043, -5.87540305195399, 
2.33990421470464, 0.124992134711515, 0.124992134711515, -5.86874792692632, 
0.124992134711515, -3.30679176511331, -2.78485868717713, 0.124992134711515, 
-6.64282517401673, -5.64871224429668, 0.124992134711515, 0.124992134711515, 
0.124992134711515, 1.88491864794636, 7.5787756594731, 0.124992134711515, 
-7.96691524371497, -3.71477485375107, 0.124992134711515, 16.1270066910819, 
15.3674960288752, 2.66956807127367, 0.124992134711515, 0.124992134711515, 
0.124992134711515, -3.41327328559525, 0.124992134711515, 0.124992134711515, 
0.124992134711515, 0.124992134711515, 0.124992134711515, 5.03228479104896, 
0.124992134711515, -11.1219362646031, -5.02517953160231, 2.77894311001657, 
0.124992134711515, -2.04687220611489, -2.13148474545139, 0.124992134711515, 
0.124992134711515, -3.94014912849534, -3.27351656494709, 11.1483647370439, 
2.69145529121682, 0.124992134711515, 5.56085327024301), .Dim = c(57L, 
1L)), structure(c(-3.62972548236879, 3.37020512917079, -3.62972548236879, 
-3.62972548236879, -3.62972548236879, 1.43929603662695, -3.62972548236879, 
-3.62972548236879, 3.29994621903192, -6.24162449336474, 0.891216035229173, 
-3.62972548236879, -3.62972548236879, 4.75337309841941, -3.62972548236879, 
1.58414125069513, 0.793109670959118, -3.62972548236879, 5.61905091367926, 
4.42906815477844, -3.62972548236879, -3.62972548236879, -3.62972548236879, 
0.00840688154111833, 7.44948095285341, -3.62972548236879, 7.14946772842234, 
2.11369701257816, -3.62972548236879, 16.1270066910819, 15.3674960288752, 
1.5520918360931, -3.62972548236879, -3.62972548236879, -3.62972548236879, 
1.74191444331591, -3.62972548236879, -3.62972548236879, -3.62972548236879, 
-3.62972548236879, -3.62972548236879, 4.66904513474884, -3.62972548236879, 
10.700106091895, 3.69221244428563, 1.6933047380973, -3.62972548236879, 
-0.323939196196884, -0.227102054793971, -3.62972548236879, -3.62972548236879, 
2.36511715002894, 1.53051757981328, 11.1483647370439, 1.58791878315914, 
-3.62972548236879, -6.65057549174155), .Dim = c(57L, 1L)), structure(c(1.01518391247479, 
4.8769592081634, -0.517194434137241, -0.154037575128983, -0.154037575128983, 
3.55971550931867, -0.517194434137241, 1.01518391247479, 4.83157138466938, 
-5.04351192786594, 0.636803972617422, -0.517194434137241, 1.01518391247479, 
0.756555454838426, -0.517194434137242, 0.702822106014624, 3.21568873725156, 
1.01518391247479, 6.6191964213739, -4.86301579659482, 1.01518391247479, 
-0.154037575128983, 1.01518391247479, 2.80468504734939, 8.19492841671775, 
-0.517194434137241, -7.33762160214027, 3.97509360240765, -0.517194434137241, 
-16.1270066910819, -15.3674960288752, 3.59034072889308, -0.517194434137242, 
1.01518391247479, -0.37946605942174, 0.844539729893136, 1.01518391247479, 
-0.517194434137242, -0.517194434137242, 1.01518391247479, 1.01518391247479, 
5.84023777063977, 1.01518391247479, -10.7391087049422, 0.472724663734662, 
3.6902239251082, -0.37946605942174, -1.83487484860273, -0.500689342918448, 
1.01518391247479, -0.517194434137242, -0.18274180920767, -2.64904118713707, 
11.493982913245, -2.68283886757252, 1.01518391247479, -5.58252446186671
), .Dim = c(57L, 1L)), structure(c(-0.315760990926535, -4.71153170961642, 
-0.315760990926535, -0.315760990926535, -0.315760990926535, 2.67070110106436, 
-0.315760990926535, -0.315760990926535, -4.65646992746185, -5.75823527039547, 
-2.85192870844425, -0.315760990926535, -0.315760990926535, -5.85710990233715, 
-0.315760990926535, -3.28423342534753, 2.28264041538732, -0.315760990926535, 
5.95121639861071, 4.92629042983814, -0.315760990926535, -0.315760990926535, 
-0.315760990926535, 1.84383713834521, -8.20861944013473, -0.315760990926535, 
-7.92906383896367, -3.69544564130156, -0.315760990926535, 16.1270066910819, 
15.3674960288752, 2.69857572239404, -0.315760990926535, -0.315760990926535, 
-0.315760990926535, 2.80680719618139, -0.315760990926535, -0.315760990926535, 
-0.315760990926535, -0.315760990926535, -0.315760990926535, 5.09935735275294, 
-0.315760990926535, -11.1219362646031, -5.03783869762881, -3.37602058896305, 
-0.315760990926535, 1.62081823339877, 1.69193542890961, -0.315760990926535, 
-0.315760990926535, -3.9228901924287, 2.66607230493641, 11.1483647370439, 
-3.273986031014, -0.315760990926535, 5.62549820576336), .Dim = c(57L, 
1L)), structure(c(-2.00342726222492, -1.80961314927661, 0.538582919035679, 
0.538582919035679, -2.00342726222492, -0.845023533652072, -2.00342726222492, 
0.538582919035679, 4.18290850990339, -0.560417912362475, 2.57060220892453, 
-1.82725203950216, -1.56509615570956, -0.432029438441459, -2.00342726222491, 
-0.806676309546808, -1.94384208706561, 0.538582919035679, 6.19645266343009, 
-5.54111244371389, 0.538582919035679, 0.538582919035679, -1.56509615570956, 
2.158379296038, 7.90085558350194, 0.538582919035679, 7.61585550931563, 
-0.246709027980781, 0.538582919035678, -16.1270066910819, 15.4302971794541, 
2.8781124565961, 0.538582919035678, 0.538582919035678, 0.538582919035678, 
-3.72412002588637, 0.538582919035678, 0.538582919035678, -2.00342726222491, 
0.538582919035678, -2.00342726222491, -0.44632861520246, -1.56509615570956, 
-10.9131268718751, 4.55586802816856, -3.74456185752662, -1.56509615570956, 
-3.01986785059063, -0.247929679576981, -2.00342726222491, -2.00342726222491, 
-0.188396884417309, -3.63396489653861, 11.3354216109732, -0.412035253274233, 
0.538582919035679, 5.85432045630898),