structure(list(conf = list(structure(c(-0.326636774983196, 0.192215355903127, 
0.409137156666089, -0.477293685102351, -0.362289075948368, -0.271274213396262, 
-0.209726097948375, 0.257490697710046, 0.21211118182176, -0.318582359254494, 
0.0431403437523128, -0.130359325325393, -0.182534805057515, -0.326560551307699, 
-0.146808477209012, -0.124427447312694, 0.346714255485409, -0.0105406182478954, 
0.495661577497659, -0.39578594836556, -0.224053805982982, -0.495726400086153, 
-0.111181240242933, 0.316383614973525, 0.583250733943518, -0.461592259219218, 
0.263507644444242, 0.388483251011084, 0.14395032661267, -0.0501676703030126, 
0.150860721396425, -0.485803771802508, -0.504110479730736, 0.440377680073863, 
0.0128108301792122, -0.24379071577808, 0.120561245366952, -0.495726400086153, 
0.395952628761873, -0.472734236705811, 0.120495890939618, -0.156533033949644, 
0.404164358318742, 0.577135155193048, -0.0130149515694495, 0.391937167212674, 
-0.363710143983659, 0.00129039857195469, -0.00107108544036381, 
-0.0272238098633198, 0.290155399886387, -0.261306461750487, -0.0169240824735969, 
0.383893507090719, 0.21959085036033, 0.0327983972289091, 0.47341955802477, 
-0.091324706679102, -0.261114974209767, -0.192368155132895, 0.069800229619388, 
-0.137735955827008, -0.0741073714737456, 0.729102936794338, -0.00803323751535121, 
-0.140197188396085, -0.142946292313615, -0.298081608875207, 0.770626928646401, 
0.360363956468577, 0.0370453443528543, -0.156118495670979, -0.362462476285112, 
-0.0430377410827143, -0.0797061207056646, 0.175777736640871, 
0.278009157775321, -0.164173596614034, 0.139513031302315, -0.156406608191353, 
0.189713478627546, 0.132599646490564, 0.0238188218776645, -0.272517527030064, 
-0.27646814437807, -0.13238315602937, 0.285727094168482, -0.425930930548962, 
0.289560148637933, 0.178548365581478, 0.777603007366944, -0.112596280371014, 
-0.349510995420366, -0.00481656498045583, 0.139513031302315, 
0.0114440125811643, 0.411683722149558, -0.0742813399122294, -0.231644503984983, 
0.105389446090646, -0.0760735670985024, -0.549767117100956, 0.0257556326499208, 
0.600199944806012, -0.231059204036384, -0.19504360786664, 0.807764821942004, 
-0.148640627762996, -0.166827444785622, -0.15983042174828, -0.372224376542434, 
-0.202977911500651, -0.137029200765901, -0.112123045035784), .Dim = c(57L, 
2L)), structure(c(0.263267146077702, -0.24981349076661, -0.331335887544056, 
0.454430007570196, 0.258365589244366, 0.224818956336757, 0.323719296358293, 
-0.321214261775105, -0.24607577265557, 0.25038959960278, -0.0884241589418203, 
0.244006772169235, 0.433282926541757, 0.340152579354554, 0.0764767597762405, 
0.0443562052832918, -0.378779605748283, -0.0559108348916023, 
-0.574819511038841, 0.556185495253884, 0.139945327523168, 0.498968828749222, 
0.042714793697602, -0.36633755686832, -0.617305274778958, 0.41937480442791, 
-0.26915932206991, -0.37959307421644, -0.186524201563419, 0.230450596819694, 
-0.157660991017759, 0.529354324934472, 0.518826266440493, 0.355160906309843, 
-0.0719532510233799, 0.0537343880070708, -0.172141326027163, 
0.498968828749222, -0.43484878373541, 0.540181036194363, -0.175187154506116, 
0.0950501623680466, -0.445388679009096, -0.492949150112888, -0.0635081362037167, 
-0.446669254387726, 0.462303953617092, -0.0528244590945246, -0.0610343333366124, 
0.133148873461232, -0.330876004891371, 0.186263933434579, -0.0465837487026518, 
-0.34224137218027, -0.265086254807237, -0.0955881616620901, -0.454064344746121, 
0.00526109049698953, -0.166303100190231, -0.299978463195855, 
-0.0727269982525401, -0.0635288905874678, 0.0314093905291538, 
-0.700694375138334, -0.0161476609148838, 0.0936380351232653, 
0.0975364700013066, 0.224748293974649, -0.757771340275599, 0.30040357182422, 
0.139832435710231, 0.0128828940603845, 0.270089220888078, 0.123267683324366, 
-0.0928170440638904, 0.0824101935073904, 0.0950600567586146, 
-0.0310487916664514, -0.103686001661165, 0.0229669771088625, 
0.285942497143542, -0.116347049931175, -0.0622990181366381, 0.220550418576624, 
-0.23204114952625, 0.0915273868549031, 0.401913508741691, 0.377901203421034, 
-0.220204544892008, -0.129375420145255, 0.851680856452669, -0.0285048764796797, 
-0.236368546798374, -0.166044484119298, -0.103686001661165, -0.0923063436960586, 
-0.334154716094276, -0.0953182996320243, 0.173305189014911, -0.196695651098575, 
0.324646009628911, 0.494770285234682, -0.0151046285936557, -0.54215170822087, 
0.146786993750932, 0.074300493546308, -0.813670012355623, 0.0340712308455246, 
0.100251223781361, 0.0394609996049618, 0.382088592042059, 0.00134708420179134, 
-0.0188524416869918, 0.207777272864921), .Dim = c(57L, 2L)), 
    structure(c(0.264721096078249, -0.227569248750063, -0.418873371161179, 
    0.289309813245796, 0.294604565259956, 0.292148319488363, 
    -0.318629143490116, -0.0851232987920892, -0.114752693006732, 
    0.171234632495296, 0.1285179435412, -0.414946945571931, 0.523721603858639, 
    0.139713972115639, 0.208853672275452, 0.281283858962229, 
    -0.137554199636385, 0.0425017165622739, -0.138920034548885, 
    0.0633116430893484, 0.235678611543213, 0.273137157810702, 
    0.181755301777101, 0.117221767294211, -0.510762265886095, 
    0.296800596881192, -0.0314514287696404, -0.393531490363529, 
    -0.00638774496971272, -0.186659339897943, -0.295385519793634, 
    0.205705445020142, 0.262522780374621, 0.86641411300574, 0.0760246973751301, 
    0.359910044071958, -0.156025349379575, 0.273137157810702, 
    -0.327627177963176, 0.13137817233877, -0.0692303676798799, 
    0.111890803951502, -0.40540046586519, -0.216885408639513, 
    -0.431280771872808, -0.272727488038546, -0.103641040244566, 
    0.0981974848846043, -0.00326905490252796, -0.530833497521083, 
    -0.189921924755107, 0.155800665401173, 0.0645969787820167, 
    -0.0144418820171782, -0.1672799724397, -0.0102290487451916, 
    -0.23075444059324, 0.148082831302477, -0.123274427684586, 
    -0.109769127326141, 0.371962019994682, 0.149915171686574, 
    0.0792313119945396, 0.70180468923444, -0.311685321354899, 
    -0.220479272960618, 0.173316514334282, -0.242094035234701, 
    0.678105621094616, 0.147160939168676, 0.270746821523897, 
    -0.0450483273550029, -0.185710036079946, -0.376061779729551, 
    -0.0713499178911642, -0.565772805271789, 0.486545571834433, 
    0.02505140120711, 0.433478292969481, -0.0686038050212008, 
    -0.470954054851951, -0.359267493339015, 0.329451989820168, 
    -0.35411829389969, -0.177395197555852, -0.229840498137398, 
    0.286732691367953, 0.0192258136164752, 0.536089218252711, 
    0.466749783061025, -0.324277214713686, -0.133970508911846, 
    -0.111776936787006, -0.0606947122521459, 0.433478292969481, 
    -0.288786931217254, 0.6257187898307, -0.1478552644084, 0.0368401532903053, 
    -0.254951275472266, -0.554043786903453, 0.098158743896361, 
    -0.347790181267462, 0.704747118941661, -0.151438014804799, 
    -0.0563516533239847, 0.629664280189872, -0.265888894897862, 
    0.115056948688782, -0.0921080473132883, -0.514676934639755, 
    -0.202158390780703, -0.0870798009874218, -0.442042067895866
    ),