structure(list(conf = list(structure(c(0.649985738096351, 3.80801782634714, 
0.649985738096351, 0.649985738096351, 0.649985738096351, -3.12435104706526, 
0.649985738096351, 0.649985738096351, -2.72878932431323, 0.649985738096351, 
0.649985738096351, -5.6846842022765, 0.649985738096351, -3.22328440106901, 
-2.65744548105356, 0.64998573809635, -6.38992954137426, -5.42835527940877, 
0.64998573809635, 0.649985738096351, -2.07305356221874, -7.89383994187394, 
0.649985738096351, 7.0184789904008, -3.62918425691301, 0.649985738096351, 
15.5600150810394, 14.7994518511773, -3.19043564678626, 0.649985738096351, 
0.649985738096351, 0.649985738096351, -3.34504499770226, 0.649985738096351, 
0.649985738096351, 0.649985738096351, 0.649985738096351, 4.84735732204756, 
0.649985738096351, -10.698283578313, 4.12790897843288, -3.31098394768484, 
0.649985738096351, -1.82548399056036, -1.93249160872845, 0.649985738096351, 
0.649985738096351, -3.86514784802338, -3.19582140637455, 10.7078972508128, 
2.5119027912156, 0.649985738096351, -6.08404922023923), .Dim = c(53L, 
1L)), structure(c(-2.42850761024368, 3.99475423464301, -2.42850761024368, 
-2.42850761024368, -2.42850761024368, 2.23314146936876, -2.42850761024368, 
-2.42850761024368, 1.7224693998196, -2.42850761024368, -2.42850761024368, 
5.26804958438981, -2.42850761024368, 2.38033226891343, 1.63072246819701, 
-2.42850761024368, 6.01008734609111, 4.9364293079446, -2.42850761024368, 
-2.42850761024368, 0.900360546581153, -7.5563441172857, -2.42850761024368, 
7.35980452050694, 2.8571129048255, -2.42850761024368, -15.5600150810394, 
14.8664533657512, 2.33462888480948, -2.42850761024368, -2.42850761024368, 
-2.42850761024368, 2.52579004217653, -2.42850761024368, -2.42850761024368, 
-2.42850761024368, -2.42850761024368, 5.19288708774052, -2.42850761024368, 
-10.4785897935776, 4.27046189675273, 2.47947713011618, -2.42850761024368, 
0.607762784196756, 0.735658278533973, -2.42850761024368, -2.42850761024368, 
3.13929584830435, 2.33776077322308, 10.904203804739, 2.36221513629708, 
-2.42850761024368, 5.6862877743166), .Dim = c(53L, 1L)), structure(c(-1.70178534882213, 
3.31352359873937, -1.70178534882213, -1.70178534882213, -1.70178534882213, 
-3.93504724881258, -1.70178534882213, -1.70178534882213, 1.28042527029865, 
-1.70178534882213, -1.70178534882213, 4.63484877968988, -1.70178534882213, 
-3.98915409826379, 1.21537382563723, -1.70178534882213, -6.59188885283236, 
4.29647604789441, -1.70178534882213, -1.70178534882213, 0.680113313082583, 
-8.02917097395446, -1.70178534882213, 6.87248808561084, -4.32098492862995, 
-1.70178534882213, 15.5600150810394, 14.7994518511774, 1.72532909078101, 
-1.70178534882213, -1.70178534882213, -1.70178534882213, -4.08716062661112, 
-1.70178534882213, -1.70178534882213, -1.70178534882213, -1.70178534882213, 
4.55666144405374, -1.70178534882213, 10.2543362152684, 3.59893399248184, 
-4.06413588595928, -1.70178534882213, -3.10897717509762, 0.541101539951874, 
-1.70178534882213, -1.70178534882213, -4.51287641427046, -3.9678200617858, 
10.7078972508128, 1.74397621954049, -1.70178534882213, 5.07268372953283
), .Dim = c(53L, 1L)), structure(c(2.84328069629546, -3.59853150388207, 
2.84328069629546, 2.84328069629546, 2.84328069629546, -1.78373398584512, 
2.84328069629546, 2.84328069629546, -1.27527693004313, 2.84328069629546, 
2.84328069629546, 5.68224409922492, 2.84328069629546, -1.92501485939816, 
-1.18472643655006, 2.84328069629546, -5.73050260916362, -4.58947623510747, 
2.84328069629546, 2.84328069629546, -0.460567210334678, -7.43615110401182, 
2.84328069629546, -7.1742027035631, -2.41903627968971, 2.84328069629546, 
15.5600150810394, -14.8664533657512, 3.80955929001042, 2.84328069629546, 
2.84328069629546, 2.84328069629546, -2.07556750672266, 2.84328069629546, 
2.84328069629546, 2.84328069629546, 2.84328069629546, -4.83402162352408, 
2.84328069629546, -10.4740300000039, -3.88732342998931, -2.0273538453037, 
2.84328069629546, -0.167806684325757, -0.295339495292347, 2.84328069629546, 
2.84328069629546, -2.70989569285273, -1.8809148380975, -10.904203804739, 
-1.90659019894854, 2.84328069629546, -5.37039623081707), .Dim = c(53L, 
1L)), structure(c(-1.58538828964216, -4.32188624351993, -0.833576735939091, 
-1.58538828964216, -1.58538828964216, 2.79264905850825, -0.833576735939091, 
-1.58538828964216, -3.02255316595098, -1.58538828964216, -1.58538828964216, 
5.47580041941291, -0.833576735939094, 2.90656374637978, 2.29979770514033, 
-1.58538828964216, -0.855103434719453, 5.17621986344872, -1.58538828964216, 
-0.833576735939093, 1.72640860645954, 7.74389308924031, -0.833576735939092, 
-1.25282086258894, 3.31281187632847, -0.833576735939094, -15.5600150810394, 
-14.7994518511773, 2.86604621282426, -0.833576735939094, -0.833576735939094, 
-0.833576735939092, 3.0159063038998, -0.833576735939094, -0.833576735939094, 
-0.833576735939094, -1.58538828964216, 5.40544568192309, -1.58538828964216, 
10.6565166893514, -4.65759766944543, -3.308210937046, -0.833576735939092, 
1.48792544533003, -2.65933580399641, -1.58538828964216, -1.58538828964216, 
3.56130237788539, 2.86873949001635, 11.0701342005298, 2.89014573784504, 
-0.833576735939093, 5.87540232381362), .Dim = c(53L, 1L)), structure(c(-1.03130212009977, 
-4.32677049671472, -0.47542783884108, -0.47542783884108, -0.47542783884108, 
-3.10259494844036, -1.03130212009977, -1.03130212009977, 2.2087728662532, 
-0.47542783884108, -0.47542783884108, 5.25610956720855, -1.03130212009977, 
-0.830908673699136, 2.15301218151643, -1.03130212009977, 5.99719903987266, 
-5.18513338733291, -1.03130212009977, -1.03130212009977, 1.67947747974489, 
-7.57148213609234, -0.47542783884108, 7.34582442408699, 3.01771524339211, 
-0.47542783884108, 15.5600150810394, -14.8664533657512, -0.822637203655459, 
-0.47542783884108, -1.03130212009977, -0.47542783884108, -3.21952348735011, 
-0.47542783884108, -1.03130212009977, -1.03130212009977, -0.47542783884108, 
5.18102337664942, -0.47542783884108, 10.4785897935776, 4.33984914465137, 
-3.23438366333376, -1.03130212009977, 1.46831049068098, -0.597278758657669, 
-0.47542783884108, -0.47542783884108, 3.27744073982403, -3.10033721223538, 
-10.904203804739, 2.60018853734173, -0.47542783884108, 5.67392007587639
), .Dim = c(53L, 1L)), structure(c(-0.387250530819662, 4.4882974188579, 
-0.387250530819662, 0.108897795906872, 0.108897795906872, -0.283348985077982, 
-0.387250530819662, 0.108897795906872, -2.24335135580164, -0.387250530819662, 
-0.387250530819662, -5.10730489544489, -0.387250530819662, 3.19442715817281, 
2.6666875069925, 0.108897795906872, -5.84870036507724, -4.83590546749957, 
0.108897795906872, 0.108897795906872, -0.243271190823432, 7.72142898872597, 
0.108897795906872, 7.47719936284398, 3.58148226885878, 0.108897795906872, 
-15.5600150810394, 14.8664533657512, 3.16307867421638, 0.108897795906872, 
-0.387250530819662, 0.108897795906872, 3.29050866869706, 0.108897795906872, 
0.108897795906872, 0.108897795906872, 0.108897795906872, 5.4281613690797, 
0.108897795906872, -10.436822904616, -4.18290542489598, 3.29822690111025, 
-0.387250530819662, -1.70970936100461, -0.338012104629514, -0.387250530819662, 
-0.387250530819662, 3.81015962635613, 3.16875485693267, -10.8738276466036, 
3.16276731871478, 0.108897795906872, -5.52431812910965),